[[0.0, 0.0, 0.0, 0.0, 0.0, 0.0, 0.0, 0.0, 0.0, 0.0, 0.0, 0.0, 0.0, 0.0, 0.0, 0.0, 0.0, 0.0], [0.0, 0.0, 0.2391304347826087, 0.005434782608695652, 0.005434782608695652, 0.035326086956521736, 0.03260869565217391, 0.16032608695652173, 0.008152173913043478, 0.02717391304347826, 0.0, 0.5407608695652174, 0.04076086956521739, 0.005434782608695652, 0.002717391304347826, 0.02717391304347826, 0.0, 0.010869565217391304], [0.0, 0.2391304347826087, 0.0, 0.008152173913043478, 0.005434782608695652, 0.08152173913043478, 0.051630434782608696, 0.22826086956521738, 0.029891304347826088, 0.04619565217391304, 0.010869565217391304, 1.0, 0.057065217391304345, 0.010869565217391304, 0.002717391304347826, 0.01358695652173913, 0.0, 0.010869565217391304], [0.0, 0.005434782608695652, 0.008152173913043478, 0.0, 0.0, 0.002717391304347826, 0.002717391304347826, 0.005434782608695652, 0.0, 0.0, 0.0, 0.010869565217391304, 0.002717391304347826, 0.002717391304347826, 0.0, 0.0, 0.0, 0.0], [0.0, 0.005434782608695652, 0.005434782608695652, 0.0, 0.0, 0.002717391304347826, 0.002717391304347826, 0.005434782608695652, 0.0, 0.0, 0.0, 0.008152173913043478, 0.002717391304347826, 0.002717391304347826, 0.0, 0.0, 0.0, 0.0], [0.0, 0.035326086956521736, 0.08152173913043478, 0.002717391304347826, 0.002717391304347826, 0.0, 0.021739130434782608, 0.05434782608695652, 0.008152173913043478, 0.024456521739130436, 0.0, 0.1331521739130435, 0.019021739130434784, 0.005434782608695652, 0.002717391304347826, 0.005434782608695652, 0.0, 0.005434782608695652], [0.0, 0.03260869565217391, 0.051630434782608696, 0.002717391304347826, 0.002717391304347826, 0.021739130434782608, 0.0, 0.043478260869565216, 0.005434782608695652, 0.008152173913043478, 0.0, 0.14673913043478262, 0.010869565217391304, 0.008152173913043478, 0.002717391304347826, 0.002717391304347826, 0.0, 0.002717391304347826], [0.0, 0.16032608695652173, 0.22826086956521738, 0.005434782608695652, 0.005434782608695652, 0.05434782608695652, 0.043478260869565216, 0.0, 0.01358695652173913, 0.04891304347826087, 0.0, 0.48641304347826086, 0.04891304347826087, 0.01358695652173913, 0.0, 0.010869565217391304, 0.0, 0.02717391304347826], [0.0, 0.008152173913043478, 0.029891304347826088, 0.0, 0.0, 0.008152173913043478, 0.005434782608695652, 0.01358695652173913, 0.0, 0.008152173913043478, 0.0, 0.051630434782608696, 0.008152173913043478, 0.002717391304347826, 0.0, 0.002717391304347826, 0.0, 0.0], [0.0, 0.02717391304347826, 0.04619565217391304, 0.0, 0.0, 0.024456521739130436, 0.008152173913043478, 0.04891304347826087, 0.008152173913043478, 0.0, 0.0, 0.11956521739130435, 0.01358695652173913, 0.002717391304347826, 0.0, 0.002717391304347826, 0.0, 0.005434782608695652], [0.0, 0.0, 0.010869565217391304, 0.0, 0.0, 0.0, 0.0, 0.0, 0.0, 0.0, 0.0, 0.0, 0.0, 0.0, 0.0, 0.0, 0.0, 0.0], [0.0, 0.5407608695652174, 1.0, 0.010869565217391304, 0.008152173913043478, 0.1331521739130435, 0.14673913043478262, 0.48641304347826086, 0.051630434782608696, 0.11956521739130435, 0.0, 0.0, 0.10869565217391304, 0.019021739130434784, 0.008152173913043478, 0.03804347826086957, 0.0, 0.043478260869565216], [0.0, 0.04076086956521739, 0.057065217391304345, 0.002717391304347826, 0.002717391304347826, 0.019021739130434784, 0.010869565217391304, 0.04891304347826087, 0.008152173913043478, 0.01358695652173913, 0.0, 0.10869565217391304, 0.0, 0.005434782608695652, 0.0, 0.005434782608695652, 0.0, 0.005434782608695652], [0.0, 0.005434782608695652, 0.010869565217391304, 0.002717391304347826, 0.002717391304347826, 0.005434782608695652, 0.008152173913043478, 0.01358695652173913, 0.002717391304347826, 0.002717391304347826, 0.0, 0.019021739130434784, 0.005434782608695652, 0.0, 0.0, 0.0, 0.0, 0.0], [0.0, 0.002717391304347826, 0.002717391304347826, 0.0, 0.0, 0.002717391304347826, 0.002717391304347826, 0.0, 0.0, 0.0, 0.0, 0.008152173913043478, 0.0, 0.0, 0.0, 0.002717391304347826, 0.0, 0.0], [0.0, 0.02717391304347826, 0.01358695652173913, 0.0, 0.0, 0.005434782608695652, 0.002717391304347826, 0.010869565217391304, 0.002717391304347826, 0.002717391304347826, 0.0, 0.03804347826086957, 0.005434782608695652, 0.0, 0.002717391304347826, 0.0, 0.0, 0.0], [0.0, 0.0, 0.0, 0.0, 0.0, 0.0, 0.0, 0.0, 0.0, 0.0, 0.0, 0.0, 0.0, 0.0, 0.0, 0.0, 0.0, 0.0], [0.0, 0.010869565217391304, 0.010869565217391304, 0.0, 0.0, 0.005434782608695652, 0.002717391304347826, 0.02717391304347826, 0.0, 0.005434782608695652, 0.0, 0.043478260869565216, 0.005434782608695652, 0.0, 0.0, 0.0, 0.0, 0.0]]