[[0.0, 0.0, 0.0, 0.0, 0.0, 0.0, 0.0, 0.0, 0.0, 0.0, 0.0, 0.0, 0.0, 0.0, 0.0, 0.0, 0.0, 0.0], [0.0, 0.0, 5.816648411082199e-06, 4.01148166281531e-07, 1.3037315404149758e-06, 2.005740831407655e-07, 3.008611247111482e-07, 5.014352078519138e-07, 1.0028704157038275e-06, 3.610333496533779e-06, 0.0, 1.5043056235557413e-05, 2.005740831407655e-07, 0.00014641908069275883, 1.0028704157038276e-07, 1.0028704157038276e-07, 0.0, 0.0], [0.0, 5.816648411082199e-06, 0.0, 0.0022235642856985264, 2.005740831407655e-05, 1.203444498844593e-06, 5.415500244800669e-06, 2.0358269438787698e-05, 1.8452815648950425e-05, 7.361068851266094e-05, 8.02296332563062e-07, 0.00020378326847101774, 1.1031574572742102e-06, 0.001743189356576393, 2.005740831407655e-07, 4.01148166281531e-07, 1.604592665126124e-06, 0.0], [0.0, 4.01148166281531e-07, 0.0022235642856985264, 0.0, 0.002218249072495296, 1.0028704157038276e-07, 5.014352078519138e-07, 1.0028704157038276e-07, 3.0086112471114824e-06, 3.108898288681865e-06, 0.004434291830076043, 1.6547361859113155e-05, 6.017222494222965e-07, 1.0, 1.0028704157038276e-07, 1.0028704157038276e-07, 0.0, 0.0], [0.0, 1.3037315404149758e-06, 2.005740831407655e-05, 0.002218249072495296, 0.0, 4.01148166281531e-07, 6.017222494222965e-07, 2.005740831407655e-07, 1.8051667482668895e-06, 5.515787286371051e-06, 8.02296332563062e-07, 1.022927824017904e-05, 3.008611247111482e-07, 0.00025723626162803173, 1.0028704157038276e-07, 1.0028704157038276e-07, 0.0, 0.0], [0.0, 2.005740831407655e-07, 1.203444498844593e-06, 1.0028704157038276e-07, 4.01148166281531e-07, 0.0, 1.0028704157038276e-07, 0.0, 1.0028704157038276e-07, 3.309472371822631e-06, 1.0028704157038276e-07, 5.014352078519138e-07, 0.0, 7.631843863506127e-05, 0.0, 0.0, 0.0, 0.0], [0.0, 3.008611247111482e-07, 5.415500244800669e-06, 5.014352078519138e-07, 6.017222494222965e-07, 1.0028704157038276e-07, 0.0, 0.0, 3.008611247111482e-07, 4.01148166281531e-07, 0.0, 1.203444498844593e-06, 1.0028704157038276e-07, 1.714908410853545e-05, 0.0, 0.0, 0.0, 0.0], [0.0, 5.014352078519138e-07, 2.0358269438787698e-05, 1.0028704157038276e-07, 2.005740831407655e-07, 0.0, 0.0, 0.0, 2.005740831407655e-07, 1.7048797066965068e-06, 0.0, 8.02296332563062e-06, 0.0, 4.292285379212382e-05, 0.0, 0.0, 0.0, 0.0], [0.0, 1.0028704157038275e-06, 1.8452815648950425e-05, 3.0086112471114824e-06, 1.8051667482668895e-06, 1.0028704157038276e-07, 3.008611247111482e-07, 2.005740831407655e-07, 0.0, 3.0086112471114824e-06, 0.0, 2.9985825429544443e-05, 1.0028704157038276e-07, 5.385414132329554e-05, 0.0, 0.0, 0.0, 0.0], [0.0, 3.610333496533779e-06, 7.361068851266094e-05, 3.108898288681865e-06, 5.515787286371051e-06, 3.309472371822631e-06, 4.01148166281531e-07, 1.7048797066965068e-06, 3.0086112471114824e-06, 0.0, 1.0028704157038276e-07, 3.0086112471114825e-05, 4.01148166281531e-07, 0.000994045156045634, 3.008611247111482e-07, 2.005740831407655e-07, 0.0, 0.0], [0.0, 0.0, 8.02296332563062e-07, 0.004434291830076043, 8.02296332563062e-07, 1.0028704157038276e-07, 0.0, 0.0, 0.0, 1.0028704157038276e-07, 0.0, 0.0, 0.0, 0.0003701594704362827, 0.0, 0.0, 0.0, 0.0], [0.0, 1.5043056235557413e-05, 0.00020378326847101774, 1.6547361859113155e-05, 1.022927824017904e-05, 5.014352078519138e-07, 1.203444498844593e-06, 8.02296332563062e-06, 2.9985825429544443e-05, 3.0086112471114825e-05, 0.0, 0.0, 1.3037315404149758e-06, 0.0006930837442929152, 9.025833741334447e-07, 6.017222494222965e-07, 0.0, 0.0], [0.0, 2.005740831407655e-07, 1.1031574572742102e-06, 6.017222494222965e-07, 3.008611247111482e-07, 0.0, 1.0028704157038276e-07, 0.0, 1.0028704157038276e-07, 4.01148166281531e-07, 0.0, 1.3037315404149758e-06, 0.0, 5.515787286371051e-06, 1.0028704157038276e-07, 1.0028704157038276e-07, 0.0, 0.0], [0.0, 0.00014641908069275883, 0.001743189356576393, 1.0, 0.00025723626162803173, 7.631843863506127e-05, 1.714908410853545e-05, 4.292285379212382e-05, 5.385414132329554e-05, 0.000994045156045634, 0.0003701594704362827, 0.0006930837442929152, 5.515787286371051e-06, 0.0, 4.01148166281531e-06, 1.4040185819853585e-06, 0.0, 0.0], [0.0, 1.0028704157038276e-07, 2.005740831407655e-07, 1.0028704157038276e-07, 1.0028704157038276e-07, 0.0, 0.0, 0.0, 0.0, 3.008611247111482e-07, 0.0, 9.025833741334447e-07, 1.0028704157038276e-07, 4.01148166281531e-06, 0.0, 0.0, 0.0, 0.0], [0.0, 1.0028704157038276e-07, 4.01148166281531e-07, 1.0028704157038276e-07, 1.0028704157038276e-07, 0.0, 0.0, 0.0, 0.0, 2.005740831407655e-07, 0.0, 6.017222494222965e-07, 1.0028704157038276e-07, 1.4040185819853585e-06, 0.0, 0.0, 0.0, 0.0], [0.0, 0.0, 1.604592665126124e-06, 0.0, 0.0, 0.0, 0.0, 0.0, 0.0, 0.0, 0.0, 0.0, 0.0, 0.0, 0.0, 0.0, 0.0, 0.0], [0.0, 0.0, 0.0, 0.0, 0.0, 0.0, 0.0, 0.0, 0.0, 0.0, 0.0, 0.0, 0.0, 0.0, 0.0, 0.0, 0.0, 0.0]]